3 1X
0 1500
1 2000
2 2500
3 3000
0 3500
1 4000
2 4500
3 5000
0 5500
1 6000
2 6500
3 7000
0 7500
1 8000
2 8500
3 9000
0 9500
1 10000
2 10500
3 11000
0 11500
1 12000
2 12500
3 13000
0 13500
1 14000
2 14500
3 15000
0 15500
1 16000
2 16500
3 17000
0 17500
1 18000
2 18500
3 19000
0 19500
1 20000
2 20500
3 21000
0 21500
1 22000
2 22500
3 23000
0 23500
1 24000
2 24500
3 25000
0 25500
1 26000
2 26500
3 27000
0 27500
1 28000
2 28500
3 29000
0 29500
1 30000
2 30500
3 31000
0 31500
1 32000
2 32500
3 33000
0 33500
1 34000
2 34500
3 35000
0 35500
1 36000
2 36500
3 37000
0 37500
1 38000
2 38500
3 39000
0 39500
1 40000
2 40500
3 41000
0 41500
1 42000
2 42500
3 43000
0 43500
1 44000
2 44500
3 45000
0 45500
1 46000
2 46500
3 47000
0 47500
1 48000
2 48500
3 49000
0 49500
1 50000
3 50000
